1 0.27109375 0.39140625 0.12578125 0.20859375
1 0.090625 0.34375 0.1015625 0.1625
1 0.61953125 0.29765625 0.096875 0.14765625
1 0.78828125 0.2359375 0.09375 0.1265625
1 0.88671875 0.1890625 0.046875 0.11953125
1 0.546875 0.2078125 0.0703125 0.07421875
1 0.4921875 0.2328125 0.0703125 0.06328125
1 0.4328125 0.3515625 0.09921875 0.1515625
1 0.33125 0.27578125 0.071875 0.121875
1 0.2015625 0.30625 0.065625 0.14375
1 0.66171875 0.184375 0.08515625 0.10078125
1 0.8046875 0.146875 0.075 0.078125
1 0.940625 0.1578125 0.04453125 0.0875
2 0.24375 0.83515625 0.2671875 0.3296875
2 0.44609375 0.790625 0.21875 0.41796875
2 0.61328125 0.73828125 0.18515625 0.5234375
2 0.79375 0.59296875 0.13984375 0.39921875
2 0.89375 0.47734375 0.11328125 0.2984375