2 0.4671875 0.5796875 0.26875 0.82578125
2 0.74609375 0.4265625 0.15390625 0.50234375
2 0.61875 0.459375 0.1703125 0.56484375
2 0.13671875 0.46015625 0.2375 0.521875
2 0.3265625 0.34375 0.11484375 0.39765625
1 0.8328125 0.8703125 0.26640625 0.25859375
1 0.1484375 0.24140625 0.090625 0.0984375
1 0.2390625 0.1796875 0.084375 0.07890625
1 0.45390625 0.23828125 0.10234375 0.1609375
1 0.5875 0.23203125 0.090625 0.13125
1 0.7203125 0.22578125 0.0765625 0.11875
1 0.778125 0.20078125 0.04765625 0.103125
1 0.85625 0.18125 0.06328125 0.07265625
1 0.31484375 0.18046875 0.04765625 0.09765625
2 0.8625 0.33515625 0.103125 0.34140625