2 0.91328125 0.3234375 0.103125 0.39296875
2 0.81484375 0.3578125 0.12109375 0.50546875
2 0.540625 0.5015625 0.18046875 0.775
2 0.6640625 0.3078125 0.121875 0.44453125
2 0.4234375 0.39765625 0.125 0.53203125
2 0.2234375 0.37265625 0.1265625 0.50390625
2 0.11875 0.315625 0.12265625 0.41171875
0 0.90859375 0.1625 0.03828125 0.07890625
0 0.80625 0.14296875 0.04765625 0.0890625
0 0.6453125 0.12734375 0.05234375 0.0828125
0 0.52890625 0.1640625 0.08203125 0.1171875
0 0.415625 0.178125 0.05625 0.096875
0 0.23046875 0.15703125 0.0625 0.0859375
0 0.10859375 0.15859375 0.05078125 0.0890625
0 0.34140625 0.13515625 0.04765625 0.08125