2 0.88203125 0.5625 0.2359375 0.871875
2 0.7015625 0.5859375 0.22265625 0.82734375
2 0.5796875 0.5859375 0.109375 0.60546875
2 0.52109375 0.546875 0.08203125 0.54453125
2 0.4703125 0.55 0.0875 0.4890625
2 0.4015625 0.53828125 0.09296875 0.41875
2 0.3453125 0.49921875 0.05234375 0.3328125
2 0.30390625 0.49609375 0.06875 0.3265625
2 0.25390625 0.475 0.05625 0.25234375
2 0.21640625 0.47734375 0.0328125 0.2234375
2 0.18203125 0.4703125 0.04921875 0.2296875
1 0.884375 0.2265625 0.1234375 0.1953125
1 0.66875 0.26484375 0.1125 0.1765625
1 0.5703125 0.32421875 0.06328125 0.11484375
1 0.51796875 0.3265625 0.06015625 0.11484375
1 0.46484375 0.35078125 0.04921875 0.09453125
1 0.3984375 0.3828125 0.053125 0.0921875
1 0.34296875 0.37890625 0.046875 0.0796875
1 0.30859375 0.38671875 0.04375 0.0796875
1 0.26328125 0.40234375 0.03828125 0.06171875