2 0.18203125 0.6890625 0.10625 0.49453125
2 0.31015625 0.70703125 0.115625 0.4734375
2 0.51015625 0.70859375 0.11015625 0.49453125
2 0.5984375 0.7 0.084375 0.4296875
2 0.66875 0.675 0.0421875 0.42734375
2 0.73828125 0.68203125 0.07109375 0.4421875
2 0.85625 0.6734375 0.09453125 0.39609375
1 0.19140625 0.51328125 0.040625 0.0890625
0 0.29765625 0.51328125 0.0578125 0.09921875
1 0.51484375 0.51328125 0.0515625 0.10859375
0 0.6 0.54296875 0.04453125 0.09140625
1 0.6734375 0.5296875 0.03671875 0.10390625
1 0.73125 0.52890625 0.05390625 0.115625
1 0.8546875 0.55078125 0.03828125 0.08671875