2 0.15 0.66796875 0.18125 0.6640625
2 0.91015625 0.4875 0.1625 0.62421875
2 0.7203125 0.43671875 0.14609375 0.5796875
2 0.58671875 0.69765625 0.1625 0.546875
2 0.37734375 0.53046875 0.11171875 0.5875
2 0.2578125 0.2546875 0.1734375 0.446875
2 0.53203125 0.2046875 0.1140625 0.3921875
1 0.8953125 0.23828125 0.08046875 0.12578125
1 0.71484375 0.19453125 0.0875 0.12578125
1 0.43515625 0.29453125 0.1046875 0.12109375
1 0.5734375 0.48671875 0.10078125 0.11953125
1 0.21328125 0.36171875 0.10703125 0.09296875
1 0.27421875 0.0890625 0.084375 0.1296875
1 0.4296875 0.85859375 0.09453125 0.16875